 total steps =    118328089.000000000000000000000000000       

 solution =    1.64493405839714770930341110655527262       

 error =    1.00000001139658976894827078304126949E-0007
